image_width: 640
image_height: 480
distortion_model: plumb_bob
camera_matrix:
  rows: 3
  cols: 3
  data: [328.6801305933972, 0.0, 318.8257470729092, 0.0, 330.7170520851197, 218.74328984413543,
    0.0, 0.0, 1.0]
camera_name: pi/camera_node
distortion_coefficients:
  rows: 1
  cols: 5
  data: [-0.2726786284118344, 0.056659272068969584, -0.0018646236900777256, -3.087758267514043e-05,
    0.0]
projection_matrix:
  rows: 3
  cols: 4
  data: [232.03875732421875, 0.0, 318.92652015390195, 0.0, 0.0, 268.42596435546875,
    205.47222242380667, 0.0, 0.0, 0.0, 1.0, 0.0]
rectification_matrix:
  rows: 3
  cols: 3
  data: [1.0, 0.0, 0.0, 0.0, 1.0, 0.0, 0.0, 0.0, 1.0]
